(kicad_pcb (version 20171130) (host pcbnew "(5.1.4-0-10_14)")

  (general
    (thickness 1.6)
    (drawings 20)
    (tracks 184)
    (zones 0)
    (modules 21)
    (nets 22)
  )

  (page A4)
  (layers
    (0 F.Cu signal)
    (31 B.Cu signal hide)
    (32 B.Adhes user)
    (33 F.Adhes user hide)
    (34 B.Paste user)
    (35 F.Paste user hide)
    (36 B.SilkS user)
    (37 F.SilkS user)
    (38 B.Mask user)
    (39 F.Mask user hide)
    (40 Dwgs.User user)
    (41 Cmts.User user)
    (42 Eco1.User user hide)
    (43 Eco2.User user hide)
    (44 Edge.Cuts user)
    (45 Margin user hide)
    (46 B.CrtYd user)
    (47 F.CrtYd user hide)
    (48 B.Fab user hide)
    (49 F.Fab user hide)
  )

  (setup
    (last_trace_width 0.381)
    (user_trace_width 0.381)
    (user_trace_width 0.508)
    (user_trace_width 1.27)
    (trace_clearance 0.2)
    (zone_clearance 0.508)
    (zone_45_only yes)
    (trace_min 0.2)
    (via_size 0.8)
    (via_drill 0.4)
    (via_min_size 0.4)
    (via_min_drill 0.3)
    (uvia_size 0.3)
    (uvia_drill 0.1)
    (uvias_allowed no)
    (uvia_min_size 0.2)
    (uvia_min_drill 0.1)
    (edge_width 0.05)
    (segment_width 0.2)
    (pcb_text_width 0.3)
    (pcb_text_size 1.5 1.5)
    (mod_edge_width 0.12)
    (mod_text_size 1 1)
    (mod_text_width 0.15)
    (pad_size 1.524 1.524)
    (pad_drill 0.762)
    (pad_to_mask_clearance 0.051)
    (solder_mask_min_width 0.25)
    (aux_axis_origin 0 0)
    (visible_elements FFFFFF7F)
    (pcbplotparams
      (layerselection 0x010fc_ffffffff)
      (usegerberextensions true)
      (usegerberattributes false)
      (usegerberadvancedattributes false)
      (creategerberjobfile false)
      (excludeedgelayer true)
      (linewidth 0.100000)
      (plotframeref false)
      (viasonmask false)
      (mode 1)
      (useauxorigin false)
      (hpglpennumber 1)
      (hpglpenspeed 20)
      (hpglpendiameter 15.000000)
      (psnegative false)
      (psa4output false)
      (plotreference true)
      (plotvalue true)
      (plotinvisibletext false)
      (padsonsilk false)
      (subtractmaskfromsilk true)
      (outputformat 1)
      (mirror false)
      (drillshape 0)
      (scaleselection 1)
      (outputdirectory ""))
  )

  (net 0 "")
  (net 1 +3V3)
  (net 2 "Net-(C1-Pad1)")
  (net 3 GND)
  (net 4 "Net-(C3-Pad1)")
  (net 5 "Net-(C3-Pad2)")
  (net 6 "Net-(C4-Pad1)")
  (net 7 "Net-(C4-Pad2)")
  (net 8 "Net-(C5-Pad2)")
  (net 9 "Net-(C6-Pad2)")
  (net 10 "Net-(J1-Pad2)")
  (net 11 "Net-(J1-Pad4)")
  (net 12 "Net-(J1-Pad3)")
  (net 13 "Net-(J2-Pad1)")
  (net 14 "Net-(J2-Pad2)")
  (net 15 "Net-(J3-Pad2)")
  (net 16 "Net-(J3-Pad3)")
  (net 17 "Net-(R1-Pad2)")
  (net 18 "Net-(R2-Pad1)")
  (net 19 "Net-(R3-Pad2)")
  (net 20 /RXOUT)
  (net 21 /TXIN)

  (net_class Default "This is the default net class."
    (clearance 0.2)
    (trace_width 0.25)
    (via_dia 0.8)
    (via_drill 0.4)
    (uvia_dia 0.3)
    (uvia_drill 0.1)
    (add_net +3V3)
    (add_net /RXOUT)
    (add_net /TXIN)
    (add_net GND)
    (add_net "Net-(C1-Pad1)")
    (add_net "Net-(C3-Pad1)")
    (add_net "Net-(C3-Pad2)")
    (add_net "Net-(C4-Pad1)")
    (add_net "Net-(C4-Pad2)")
    (add_net "Net-(C5-Pad2)")
    (add_net "Net-(C6-Pad2)")
    (add_net "Net-(J1-Pad2)")
    (add_net "Net-(J1-Pad3)")
    (add_net "Net-(J1-Pad4)")
    (add_net "Net-(J2-Pad1)")
    (add_net "Net-(J2-Pad2)")
    (add_net "Net-(J3-Pad2)")
    (add_net "Net-(J3-Pad3)")
    (add_net "Net-(R1-Pad2)")
    (add_net "Net-(R2-Pad1)")
    (add_net "Net-(R3-Pad2)")
  )

  (module Connector_PinHeader_2.54mm:PinHeader_1x04_P2.54mm_Vertical (layer F.Cu) (tedit 59FED5CC) (tstamp 5D7E27FD)
    (at 194.31 108.839 180)
    (descr "Through hole straight pin header, 1x04, 2.54mm pitch, single row")
    (tags "Through hole pin header THT 1x04 2.54mm single row")
    (path /5D80CDB6)
    (fp_text reference J2 (at 2.032 2.794 90) (layer F.SilkS)
      (effects (font (size 1 1) (thickness 0.15)))
    )
    (fp_text value Conn_01x04 (at 0 9.95) (layer F.Fab)
      (effects (font (size 1 1) (thickness 0.15)))
    )
    (fp_line (start -0.635 -1.27) (end 1.27 -1.27) (layer F.Fab) (width 0.1))
    (fp_line (start 1.27 -1.27) (end 1.27 8.89) (layer F.Fab) (width 0.1))
    (fp_line (start 1.27 8.89) (end -1.27 8.89) (layer F.Fab) (width 0.1))
    (fp_line (start -1.27 8.89) (end -1.27 -0.635) (layer F.Fab) (width 0.1))
    (fp_line (start -1.27 -0.635) (end -0.635 -1.27) (layer F.Fab) (width 0.1))
    (fp_line (start -1.33 8.95) (end 1.33 8.95) (layer F.SilkS) (width 0.12))
    (fp_line (start -1.33 1.27) (end -1.33 8.95) (layer F.SilkS) (width 0.12))
    (fp_line (start 1.33 1.27) (end 1.33 8.95) (layer F.SilkS) (width 0.12))
    (fp_line (start -1.33 1.27) (end 1.33 1.27) (layer F.SilkS) (width 0.12))
    (fp_line (start -1.33 0) (end -1.33 -1.33) (layer F.SilkS) (width 0.12))
    (fp_line (start -1.33 -1.33) (end 0 -1.33) (layer F.SilkS) (width 0.12))
    (fp_line (start -1.8 -1.8) (end -1.8 9.4) (layer F.CrtYd) (width 0.05))
    (fp_line (start -1.8 9.4) (end 1.8 9.4) (layer F.CrtYd) (width 0.05))
    (fp_line (start 1.8 9.4) (end 1.8 -1.8) (layer F.CrtYd) (width 0.05))
    (fp_line (start 1.8 -1.8) (end -1.8 -1.8) (layer F.CrtYd) (width 0.05))
    (fp_text user %R (at 0 3.81 90) (layer F.Fab)
      (effects (font (size 1 1) (thickness 0.15)))
    )
    (pad 1 thru_hole rect (at 0 0 180) (size 1.7 1.7) (drill 1) (layers *.Cu *.Mask)
      (net 13 "Net-(J2-Pad1)"))
    (pad 2 thru_hole oval (at 0 2.54 180) (size 1.7 1.7) (drill 1) (layers *.Cu *.Mask)
      (net 14 "Net-(J2-Pad2)"))
    (pad 3 thru_hole oval (at 0 5.08 180) (size 1.7 1.7) (drill 1) (layers *.Cu *.Mask)
      (net 3 GND))
    (pad 4 thru_hole oval (at 0 7.62 180) (size 1.7 1.7) (drill 1) (layers *.Cu *.Mask)
      (net 1 +3V3))
    (model ${KISYS3DMOD}/Connector_PinHeader_2.54mm.3dshapes/PinHeader_1x04_P2.54mm_Vertical.wrl
      (at (xyz 0 0 0))
      (scale (xyz 1 1 1))
      (rotate (xyz 0 0 0))
    )
  )

  (module ESP8266:ESP-12E_SMD (layer B.Cu) (tedit 58FB7FFE) (tstamp 5D7B9893)
    (at 190.5 87.63 180)
    (descr "Module, ESP-8266, ESP-12, 16 pad, SMD")
    (tags "Module ESP-8266 ESP8266")
    (path /5D7A6D8E)
    (fp_text reference U2 (at 8.89 -6.35 270) (layer B.SilkS)
      (effects (font (size 1 1) (thickness 0.15)) (justify mirror))
    )
    (fp_text value ESP-12F (at 5.08 -6.35 270) (layer B.Fab) hide
      (effects (font (size 1 1) (thickness 0.15)) (justify mirror))
    )
    (fp_line (start -2.25 0.5) (end -2.25 8.75) (layer B.CrtYd) (width 0.05))
    (fp_line (start -2.25 8.75) (end 15.25 8.75) (layer B.CrtYd) (width 0.05))
    (fp_line (start 15.25 8.75) (end 16.25 8.75) (layer B.CrtYd) (width 0.05))
    (fp_line (start 16.25 8.75) (end 16.25 -16) (layer B.CrtYd) (width 0.05))
    (fp_line (start 16.25 -16) (end -2.25 -16) (layer B.CrtYd) (width 0.05))
    (fp_line (start -2.25 -16) (end -2.25 0.5) (layer B.CrtYd) (width 0.05))
    (fp_line (start -1.016 8.382) (end 14.986 8.382) (layer B.CrtYd) (width 0.1524))
    (fp_line (start 14.986 8.382) (end 14.986 0.889) (layer B.CrtYd) (width 0.1524))
    (fp_line (start -1.016 8.382) (end -1.016 1.016) (layer B.CrtYd) (width 0.1524))
    (fp_line (start -1.016 -14.859) (end -1.016 -15.621) (layer B.SilkS) (width 0.1524))
    (fp_line (start -1.016 -15.621) (end 14.986 -15.621) (layer B.SilkS) (width 0.1524))
    (fp_line (start 14.986 -15.621) (end 14.986 -14.859) (layer B.SilkS) (width 0.1524))
    (fp_line (start 14.992 8.4) (end -1.008 2.6) (layer B.CrtYd) (width 0.1524))
    (fp_line (start -1.008 8.4) (end 14.992 2.6) (layer B.CrtYd) (width 0.1524))
    (fp_text user "No Copper" (at 6.892 5.4) (layer B.CrtYd)
      (effects (font (size 1 1) (thickness 0.15)) (justify mirror))
    )
    (fp_line (start -1.008 2.6) (end 14.992 2.6) (layer B.CrtYd) (width 0.1524))
    (fp_line (start 15 8.4) (end 15 -15.6) (layer B.Fab) (width 0.05))
    (fp_line (start 14.992 -15.6) (end -1.008 -15.6) (layer B.Fab) (width 0.05))
    (fp_line (start -1.008 -15.6) (end -1.008 8.4) (layer B.Fab) (width 0.05))
    (fp_line (start -1.008 8.4) (end 14.992 8.4) (layer B.Fab) (width 0.05))
    (pad 1 smd rect (at 0 0 180) (size 2.5 1.1) (drill (offset -0.7 0)) (layers B.Cu B.Paste B.Mask))
    (pad 2 smd rect (at 0 -2 180) (size 2.5 1.1) (drill (offset -0.7 0)) (layers B.Cu B.Paste B.Mask))
    (pad 3 smd rect (at 0 -4 180) (size 2.5 1.1) (drill (offset -0.7 0)) (layers B.Cu B.Paste B.Mask)
      (net 17 "Net-(R1-Pad2)"))
    (pad 4 smd rect (at 0 -6 180) (size 2.5 1.1) (drill (offset -0.7 0)) (layers B.Cu B.Paste B.Mask)
      (net 21 /TXIN))
    (pad 5 smd rect (at 0 -8 180) (size 2.5 1.1) (drill (offset -0.7 0)) (layers B.Cu B.Paste B.Mask)
      (net 20 /RXOUT))
    (pad 6 smd rect (at 0 -10 180) (size 2.5 1.1) (drill (offset -0.7 0)) (layers B.Cu B.Paste B.Mask))
    (pad 7 smd rect (at 0 -12 180) (size 2.5 1.1) (drill (offset -0.7 0)) (layers B.Cu B.Paste B.Mask))
    (pad 8 smd rect (at 0 -14 180) (size 2.5 1.1) (drill (offset -0.7 0)) (layers B.Cu B.Paste B.Mask)
      (net 1 +3V3))
    (pad 9 smd rect (at 14 -14 180) (size 2.5 1.1) (drill (offset 0.7 0)) (layers B.Cu B.Paste B.Mask)
      (net 3 GND))
    (pad 10 smd rect (at 14 -12 180) (size 2.5 1.1) (drill (offset 0.7 0)) (layers B.Cu B.Paste B.Mask)
      (net 18 "Net-(R2-Pad1)"))
    (pad 11 smd rect (at 14 -10 180) (size 2.5 1.1) (drill (offset 0.7 0)) (layers B.Cu B.Paste B.Mask))
    (pad 12 smd rect (at 14 -8 180) (size 2.5 1.1) (drill (offset 0.7 0)) (layers B.Cu B.Paste B.Mask)
      (net 19 "Net-(R3-Pad2)"))
    (pad 13 smd rect (at 14 -6 180) (size 2.5 1.1) (drill (offset 0.7 0)) (layers B.Cu B.Paste B.Mask)
      (net 14 "Net-(J2-Pad2)"))
    (pad 14 smd rect (at 14 -4 180) (size 2.5 1.1) (drill (offset 0.7 0)) (layers B.Cu B.Paste B.Mask)
      (net 13 "Net-(J2-Pad1)"))
    (pad 15 smd rect (at 14 -2 180) (size 2.5 1.1) (drill (offset 0.7 0)) (layers B.Cu B.Paste B.Mask)
      (net 20 /RXOUT))
    (pad 16 smd rect (at 14 0 180) (size 2.5 1.1) (drill (offset 0.7 0)) (layers B.Cu B.Paste B.Mask)
      (net 21 /TXIN))
    (pad 17 smd rect (at 1.99 -15 90) (size 2.5 1.1) (drill (offset -0.7 0)) (layers B.Cu B.Paste B.Mask))
    (pad 18 smd rect (at 3.99 -15 90) (size 2.5 1.1) (drill (offset -0.7 0)) (layers B.Cu B.Paste B.Mask))
    (pad 19 smd rect (at 5.99 -15 90) (size 2.5 1.1) (drill (offset -0.7 0)) (layers B.Cu B.Paste B.Mask))
    (pad 20 smd rect (at 7.99 -15 90) (size 2.5 1.1) (drill (offset -0.7 0)) (layers B.Cu B.Paste B.Mask))
    (pad 21 smd rect (at 9.99 -15 90) (size 2.5 1.1) (drill (offset -0.7 0)) (layers B.Cu B.Paste B.Mask))
    (pad 22 smd rect (at 11.99 -15 90) (size 2.5 1.1) (drill (offset -0.7 0)) (layers B.Cu B.Paste B.Mask))
    (model ${ESPLIB}/ESP8266.3dshapes/ESP-12.wrl
      (at (xyz 0 0 0))
      (scale (xyz 0.3937 0.3937 0.3937))
      (rotate (xyz 0 0 0))
    )
  )

  (module Connector_Dsub:DSUB-9_Female_Horizontal_P2.77x2.84mm_EdgePinOffset4.94mm_Housed_MountingHolesOffset7.48mm (layer F.Cu) (tedit 59FEDEE2) (tstamp 5D7B97DC)
    (at 199.39 88.9 90)
    (descr "9-pin D-Sub connector, horizontal/angled (90 deg), THT-mount, female, pitch 2.77x2.84mm, pin-PCB-offset 4.9399999999999995mm, distance of mounting holes 25mm, distance of mounting holes to PCB edge 7.4799999999999995mm, see https://disti-assets.s3.amazonaws.com/tonar/files/datasheets/16730.pdf")
    (tags "9-pin D-Sub connector horizontal angled 90deg THT female pitch 2.77x2.84mm pin-PCB-offset 4.9399999999999995mm mounting-holes-distance 25mm mounting-hole-offset 25mm")
    (path /5D7AD6AF)
    (fp_text reference J3 (at 2.794 0.254 90) (layer F.SilkS)
      (effects (font (size 1 1) (thickness 0.15)))
    )
    (fp_text value DB9_Female_MountingHoles (at -5.54 15.85 90) (layer F.Fab)
      (effects (font (size 1 1) (thickness 0.15)))
    )
    (fp_arc (start -18.04 0.3) (end -19.64 0.3) (angle 180) (layer F.Fab) (width 0.1))
    (fp_arc (start 6.96 0.3) (end 5.36 0.3) (angle 180) (layer F.Fab) (width 0.1))
    (fp_line (start -20.965 -2.7) (end -20.965 7.78) (layer F.Fab) (width 0.1))
    (fp_line (start -20.965 7.78) (end 9.885 7.78) (layer F.Fab) (width 0.1))
    (fp_line (start 9.885 7.78) (end 9.885 -2.7) (layer F.Fab) (width 0.1))
    (fp_line (start 9.885 -2.7) (end -20.965 -2.7) (layer F.Fab) (width 0.1))
    (fp_line (start -20.965 7.78) (end -20.965 8.18) (layer F.Fab) (width 0.1))
    (fp_line (start -20.965 8.18) (end 9.885 8.18) (layer F.Fab) (width 0.1))
    (fp_line (start 9.885 8.18) (end 9.885 7.78) (layer F.Fab) (width 0.1))
    (fp_line (start 9.885 7.78) (end -20.965 7.78) (layer F.Fab) (width 0.1))
    (fp_line (start -13.69 8.18) (end -13.69 14.35) (layer F.Fab) (width 0.1))
    (fp_line (start -13.69 14.35) (end 2.61 14.35) (layer F.Fab) (width 0.1))
    (fp_line (start 2.61 14.35) (end 2.61 8.18) (layer F.Fab) (width 0.1))
    (fp_line (start 2.61 8.18) (end -13.69 8.18) (layer F.Fab) (width 0.1))
    (fp_line (start -20.54 8.18) (end -20.54 13.18) (layer F.Fab) (width 0.1))
    (fp_line (start -20.54 13.18) (end -15.54 13.18) (layer F.Fab) (width 0.1))
    (fp_line (start -15.54 13.18) (end -15.54 8.18) (layer F.Fab) (width 0.1))
    (fp_line (start -15.54 8.18) (end -20.54 8.18) (layer F.Fab) (width 0.1))
    (fp_line (start 4.46 8.18) (end 4.46 13.18) (layer F.Fab) (width 0.1))
    (fp_line (start 4.46 13.18) (end 9.46 13.18) (layer F.Fab) (width 0.1))
    (fp_line (start 9.46 13.18) (end 9.46 8.18) (layer F.Fab) (width 0.1))
    (fp_line (start 9.46 8.18) (end 4.46 8.18) (layer F.Fab) (width 0.1))
    (fp_line (start -19.64 7.78) (end -19.64 0.3) (layer F.Fab) (width 0.1))
    (fp_line (start -16.44 7.78) (end -16.44 0.3) (layer F.Fab) (width 0.1))
    (fp_line (start 5.36 7.78) (end 5.36 0.3) (layer F.Fab) (width 0.1))
    (fp_line (start 8.56 7.78) (end 8.56 0.3) (layer F.Fab) (width 0.1))
    (fp_line (start -21.025 7.72) (end -21.025 -2.76) (layer F.SilkS) (width 0.12))
    (fp_line (start -21.025 -2.76) (end 9.945 -2.76) (layer F.SilkS) (width 0.12))
    (fp_line (start 9.945 -2.76) (end 9.945 7.72) (layer F.SilkS) (width 0.12))
    (fp_line (start -0.25 -3.654338) (end 0.25 -3.654338) (layer F.SilkS) (width 0.12))
    (fp_line (start 0.25 -3.654338) (end 0 -3.221325) (layer F.SilkS) (width 0.12))
    (fp_line (start 0 -3.221325) (end -0.25 -3.654338) (layer F.SilkS) (width 0.12))
    (fp_line (start -21.5 -3.25) (end -21.5 14.85) (layer F.CrtYd) (width 0.05))
    (fp_line (start -21.5 14.85) (end 10.4 14.85) (layer F.CrtYd) (width 0.05))
    (fp_line (start 10.4 14.85) (end 10.4 -3.25) (layer F.CrtYd) (width 0.05))
    (fp_line (start 10.4 -3.25) (end -21.5 -3.25) (layer F.CrtYd) (width 0.05))
    (fp_text user %R (at -5.54 11.265 90) (layer F.Fab)
      (effects (font (size 1 1) (thickness 0.15)))
    )
    (pad 1 thru_hole rect (at 0 0 90) (size 1.6 1.6) (drill 1) (layers *.Cu *.Mask))
    (pad 2 thru_hole circle (at -2.77 0 90) (size 1.6 1.6) (drill 1) (layers *.Cu *.Mask)
      (net 15 "Net-(J3-Pad2)"))
    (pad 3 thru_hole circle (at -5.54 0 90) (size 1.6 1.6) (drill 1) (layers *.Cu *.Mask)
      (net 16 "Net-(J3-Pad3)"))
    (pad 4 thru_hole circle (at -8.31 0 90) (size 1.6 1.6) (drill 1) (layers *.Cu *.Mask))
    (pad 5 thru_hole circle (at -11.08 0 90) (size 1.6 1.6) (drill 1) (layers *.Cu *.Mask)
      (net 3 GND))
    (pad 6 thru_hole circle (at -1.385 2.84 90) (size 1.6 1.6) (drill 1) (layers *.Cu *.Mask))
    (pad 7 thru_hole circle (at -4.155 2.84 90) (size 1.6 1.6) (drill 1) (layers *.Cu *.Mask))
    (pad 8 thru_hole circle (at -6.925 2.84 90) (size 1.6 1.6) (drill 1) (layers *.Cu *.Mask))
    (pad 9 thru_hole circle (at -9.695 2.84 90) (size 1.6 1.6) (drill 1) (layers *.Cu *.Mask))
    (pad 0 thru_hole circle (at -18.04 0.3 90) (size 4 4) (drill 3.2) (layers *.Cu *.Mask)
      (net 3 GND))
    (pad 0 thru_hole circle (at 6.96 0.3 90) (size 4 4) (drill 3.2) (layers *.Cu *.Mask)
      (net 3 GND))
    (model ${KISYS3DMOD}/Connector_Dsub.3dshapes/DSUB-9_Female_Horizontal_P2.77x2.84mm_EdgePinOffset4.94mm_Housed_MountingHolesOffset7.48mm.wrl
      (at (xyz 0 0 0))
      (scale (xyz 1 1 1))
      (rotate (xyz 0 0 0))
    )
  )

  (module Package_TO_SOT_SMD:SOT-223-3_TabPin2 (layer F.Cu) (tedit 5A02FF57) (tstamp 5D7BA378)
    (at 176.53 96.52 90)
    (descr "module CMS SOT223 4 pins")
    (tags "CMS SOT")
    (path /5D7B1998)
    (attr smd)
    (fp_text reference U1 (at 3.048 -3.556 180) (layer F.SilkS)
      (effects (font (size 1 1) (thickness 0.15)))
    )
    (fp_text value AMS1117-3.3 (at 0 4.5 90) (layer F.Fab)
      (effects (font (size 1 1) (thickness 0.15)))
    )
    (fp_text user %R (at 0 0) (layer F.Fab)
      (effects (font (size 0.8 0.8) (thickness 0.12)))
    )
    (fp_line (start 1.91 3.41) (end 1.91 2.15) (layer F.SilkS) (width 0.12))
    (fp_line (start 1.91 -3.41) (end 1.91 -2.15) (layer F.SilkS) (width 0.12))
    (fp_line (start 4.4 -3.6) (end -4.4 -3.6) (layer F.CrtYd) (width 0.05))
    (fp_line (start 4.4 3.6) (end 4.4 -3.6) (layer F.CrtYd) (width 0.05))
    (fp_line (start -4.4 3.6) (end 4.4 3.6) (layer F.CrtYd) (width 0.05))
    (fp_line (start -4.4 -3.6) (end -4.4 3.6) (layer F.CrtYd) (width 0.05))
    (fp_line (start -1.85 -2.35) (end -0.85 -3.35) (layer F.Fab) (width 0.1))
    (fp_line (start -1.85 -2.35) (end -1.85 3.35) (layer F.Fab) (width 0.1))
    (fp_line (start -1.85 3.41) (end 1.91 3.41) (layer F.SilkS) (width 0.12))
    (fp_line (start -0.85 -3.35) (end 1.85 -3.35) (layer F.Fab) (width 0.1))
    (fp_line (start -4.1 -3.41) (end 1.91 -3.41) (layer F.SilkS) (width 0.12))
    (fp_line (start -1.85 3.35) (end 1.85 3.35) (layer F.Fab) (width 0.1))
    (fp_line (start 1.85 -3.35) (end 1.85 3.35) (layer F.Fab) (width 0.1))
    (pad 2 smd rect (at 3.15 0 90) (size 2 3.8) (layers F.Cu F.Paste F.Mask)
      (net 1 +3V3))
    (pad 2 smd rect (at -3.15 0 90) (size 2 1.5) (layers F.Cu F.Paste F.Mask)
      (net 1 +3V3))
    (pad 3 smd rect (at -3.15 2.3 90) (size 2 1.5) (layers F.Cu F.Paste F.Mask)
      (net 2 "Net-(C1-Pad1)"))
    (pad 1 smd rect (at -3.15 -2.3 90) (size 2 1.5) (layers F.Cu F.Paste F.Mask)
      (net 3 GND))
    (model ${KISYS3DMOD}/Package_TO_SOT_SMD.3dshapes/SOT-223.wrl
      (at (xyz 0 0 0))
      (scale (xyz 1 1 1))
      (rotate (xyz 0 0 0))
    )
  )

  (module Capacitor_SMD:C_0603_1608Metric_Pad1.05x0.95mm_HandSolder (layer F.Cu) (tedit 5B301BBE) (tstamp 5D7BBF40)
    (at 185.42 104.535 90)
    (descr "Capacitor SMD 0603 (1608 Metric), square (rectangular) end terminal, IPC_7351 nominal with elongated pad for handsoldering. (Body size source: http://www.tortai-tech.com/upload/download/2011102023233369053.pdf), generated with kicad-footprint-generator")
    (tags "capacitor handsolder")
    (path /5D7B7BFC)
    (attr smd)
    (fp_text reference C3 (at -0.621 -1.524 90) (layer F.SilkS)
      (effects (font (size 1 1) (thickness 0.15)))
    )
    (fp_text value 0.1uF (at 0 1.43 90) (layer F.Fab)
      (effects (font (size 1 1) (thickness 0.15)))
    )
    (fp_line (start -0.8 0.4) (end -0.8 -0.4) (layer F.Fab) (width 0.1))
    (fp_line (start -0.8 -0.4) (end 0.8 -0.4) (layer F.Fab) (width 0.1))
    (fp_line (start 0.8 -0.4) (end 0.8 0.4) (layer F.Fab) (width 0.1))
    (fp_line (start 0.8 0.4) (end -0.8 0.4) (layer F.Fab) (width 0.1))
    (fp_line (start -0.171267 -0.51) (end 0.171267 -0.51) (layer F.SilkS) (width 0.12))
    (fp_line (start -0.171267 0.51) (end 0.171267 0.51) (layer F.SilkS) (width 0.12))
    (fp_line (start -1.65 0.73) (end -1.65 -0.73) (layer F.CrtYd) (width 0.05))
    (fp_line (start -1.65 -0.73) (end 1.65 -0.73) (layer F.CrtYd) (width 0.05))
    (fp_line (start 1.65 -0.73) (end 1.65 0.73) (layer F.CrtYd) (width 0.05))
    (fp_line (start 1.65 0.73) (end -1.65 0.73) (layer F.CrtYd) (width 0.05))
    (fp_text user %R (at 0 0 90) (layer F.Fab)
      (effects (font (size 0.4 0.4) (thickness 0.06)))
    )
    (pad 1 smd roundrect (at -0.875 0 90) (size 1.05 0.95) (layers F.Cu F.Paste F.Mask) (roundrect_rratio 0.25)
      (net 4 "Net-(C3-Pad1)"))
    (pad 2 smd roundrect (at 0.875 0 90) (size 1.05 0.95) (layers F.Cu F.Paste F.Mask) (roundrect_rratio 0.25)
      (net 5 "Net-(C3-Pad2)"))
    (model ${KISYS3DMOD}/Capacitor_SMD.3dshapes/C_0603_1608Metric.wrl
      (at (xyz 0 0 0))
      (scale (xyz 1 1 1))
      (rotate (xyz 0 0 0))
    )
  )

  (module Capacitor_SMD:C_0603_1608Metric (layer F.Cu) (tedit 5B301BBE) (tstamp 5D7B51FF)
    (at 189.23 107.95 270)
    (descr "Capacitor SMD 0603 (1608 Metric), square (rectangular) end terminal, IPC_7351 nominal, (Body size source: http://www.tortai-tech.com/upload/download/2011102023233369053.pdf), generated with kicad-footprint-generator")
    (tags capacitor)
    (path /5D7B863A)
    (attr smd)
    (fp_text reference C4 (at 1.27 1.27 270) (layer F.SilkS)
      (effects (font (size 1 1) (thickness 0.15)))
    )
    (fp_text value NC (at 0 1.43 270) (layer F.Fab)
      (effects (font (size 1 1) (thickness 0.15)))
    )
    (fp_line (start -0.8 0.4) (end -0.8 -0.4) (layer F.Fab) (width 0.1))
    (fp_line (start -0.8 -0.4) (end 0.8 -0.4) (layer F.Fab) (width 0.1))
    (fp_line (start 0.8 -0.4) (end 0.8 0.4) (layer F.Fab) (width 0.1))
    (fp_line (start 0.8 0.4) (end -0.8 0.4) (layer F.Fab) (width 0.1))
    (fp_line (start -0.162779 -0.51) (end 0.162779 -0.51) (layer F.SilkS) (width 0.12))
    (fp_line (start -0.162779 0.51) (end 0.162779 0.51) (layer F.SilkS) (width 0.12))
    (fp_line (start -1.48 0.73) (end -1.48 -0.73) (layer F.CrtYd) (width 0.05))
    (fp_line (start -1.48 -0.73) (end 1.48 -0.73) (layer F.CrtYd) (width 0.05))
    (fp_line (start 1.48 -0.73) (end 1.48 0.73) (layer F.CrtYd) (width 0.05))
    (fp_line (start 1.48 0.73) (end -1.48 0.73) (layer F.CrtYd) (width 0.05))
    (fp_text user %R (at 0 0 270) (layer F.Fab)
      (effects (font (size 0.4 0.4) (thickness 0.06)))
    )
    (pad 1 smd roundrect (at -0.7875 0 270) (size 0.875 0.95) (layers F.Cu F.Paste F.Mask) (roundrect_rratio 0.25)
      (net 6 "Net-(C4-Pad1)"))
    (pad 2 smd roundrect (at 0.7875 0 270) (size 0.875 0.95) (layers F.Cu F.Paste F.Mask) (roundrect_rratio 0.25)
      (net 7 "Net-(C4-Pad2)"))
    (model ${KISYS3DMOD}/Capacitor_SMD.3dshapes/C_0603_1608Metric.wrl
      (at (xyz 0 0 0))
      (scale (xyz 1 1 1))
      (rotate (xyz 0 0 0))
    )
  )

  (module Capacitor_SMD:C_0603_1608Metric_Pad1.05x0.95mm_HandSolder (layer F.Cu) (tedit 5B301BBE) (tstamp 5D7BADBF)
    (at 186.69 107.95 90)
    (descr "Capacitor SMD 0603 (1608 Metric), square (rectangular) end terminal, IPC_7351 nominal with elongated pad for handsoldering. (Body size source: http://www.tortai-tech.com/upload/download/2011102023233369053.pdf), generated with kicad-footprint-generator")
    (tags "capacitor handsolder")
    (path /5D7B9073)
    (attr smd)
    (fp_text reference C5 (at -1.27 -1.27 270) (layer F.SilkS)
      (effects (font (size 1 1) (thickness 0.15)))
    )
    (fp_text value 0.1uF (at 0 1.43 270) (layer F.Fab)
      (effects (font (size 1 1) (thickness 0.15)))
    )
    (fp_text user %R (at 0 0 270) (layer F.Fab)
      (effects (font (size 0.4 0.4) (thickness 0.06)))
    )
    (fp_line (start 1.65 0.73) (end -1.65 0.73) (layer F.CrtYd) (width 0.05))
    (fp_line (start 1.65 -0.73) (end 1.65 0.73) (layer F.CrtYd) (width 0.05))
    (fp_line (start -1.65 -0.73) (end 1.65 -0.73) (layer F.CrtYd) (width 0.05))
    (fp_line (start -1.65 0.73) (end -1.65 -0.73) (layer F.CrtYd) (width 0.05))
    (fp_line (start -0.171267 0.51) (end 0.171267 0.51) (layer F.SilkS) (width 0.12))
    (fp_line (start -0.171267 -0.51) (end 0.171267 -0.51) (layer F.SilkS) (width 0.12))
    (fp_line (start 0.8 0.4) (end -0.8 0.4) (layer F.Fab) (width 0.1))
    (fp_line (start 0.8 -0.4) (end 0.8 0.4) (layer F.Fab) (width 0.1))
    (fp_line (start -0.8 -0.4) (end 0.8 -0.4) (layer F.Fab) (width 0.1))
    (fp_line (start -0.8 0.4) (end -0.8 -0.4) (layer F.Fab) (width 0.1))
    (pad 2 smd roundrect (at 0.875 0 90) (size 1.05 0.95) (layers F.Cu F.Paste F.Mask) (roundrect_rratio 0.25)
      (net 8 "Net-(C5-Pad2)"))
    (pad 1 smd roundrect (at -0.875 0 90) (size 1.05 0.95) (layers F.Cu F.Paste F.Mask) (roundrect_rratio 0.25)
      (net 3 GND))
    (model ${KISYS3DMOD}/Capacitor_SMD.3dshapes/C_0603_1608Metric.wrl
      (at (xyz 0 0 0))
      (scale (xyz 1 1 1))
      (rotate (xyz 0 0 0))
    )
  )

  (module Capacitor_SMD:C_0603_1608Metric_Pad1.05x0.95mm_HandSolder (layer F.Cu) (tedit 5B301BBE) (tstamp 5D7BAE41)
    (at 191.77 107.95 90)
    (descr "Capacitor SMD 0603 (1608 Metric), square (rectangular) end terminal, IPC_7351 nominal with elongated pad for handsoldering. (Body size source: http://www.tortai-tech.com/upload/download/2011102023233369053.pdf), generated with kicad-footprint-generator")
    (tags "capacitor handsolder")
    (path /5D7B9F4D)
    (attr smd)
    (fp_text reference C6 (at -1.27 -1.27 270) (layer F.SilkS)
      (effects (font (size 1 1) (thickness 0.15)))
    )
    (fp_text value 0.1uF (at 0 1.43 270) (layer F.Fab)
      (effects (font (size 1 1) (thickness 0.15)))
    )
    (fp_line (start -0.8 0.4) (end -0.8 -0.4) (layer F.Fab) (width 0.1))
    (fp_line (start -0.8 -0.4) (end 0.8 -0.4) (layer F.Fab) (width 0.1))
    (fp_line (start 0.8 -0.4) (end 0.8 0.4) (layer F.Fab) (width 0.1))
    (fp_line (start 0.8 0.4) (end -0.8 0.4) (layer F.Fab) (width 0.1))
    (fp_line (start -0.171267 -0.51) (end 0.171267 -0.51) (layer F.SilkS) (width 0.12))
    (fp_line (start -0.171267 0.51) (end 0.171267 0.51) (layer F.SilkS) (width 0.12))
    (fp_line (start -1.65 0.73) (end -1.65 -0.73) (layer F.CrtYd) (width 0.05))
    (fp_line (start -1.65 -0.73) (end 1.65 -0.73) (layer F.CrtYd) (width 0.05))
    (fp_line (start 1.65 -0.73) (end 1.65 0.73) (layer F.CrtYd) (width 0.05))
    (fp_line (start 1.65 0.73) (end -1.65 0.73) (layer F.CrtYd) (width 0.05))
    (fp_text user %R (at 0 0 270) (layer F.Fab)
      (effects (font (size 0.4 0.4) (thickness 0.06)))
    )
    (pad 1 smd roundrect (at -0.875 0 90) (size 1.05 0.95) (layers F.Cu F.Paste F.Mask) (roundrect_rratio 0.25)
      (net 3 GND))
    (pad 2 smd roundrect (at 0.875 0 90) (size 1.05 0.95) (layers F.Cu F.Paste F.Mask) (roundrect_rratio 0.25)
      (net 9 "Net-(C6-Pad2)"))
    (model ${KISYS3DMOD}/Capacitor_SMD.3dshapes/C_0603_1608Metric.wrl
      (at (xyz 0 0 0))
      (scale (xyz 1 1 1))
      (rotate (xyz 0 0 0))
    )
  )

  (module Capacitor_SMD:C_0603_1608Metric_Pad1.05x0.95mm_HandSolder (layer F.Cu) (tedit 5B301BBE) (tstamp 5D7BACEC)
    (at 185.42 99.06 270)
    (descr "Capacitor SMD 0603 (1608 Metric), square (rectangular) end terminal, IPC_7351 nominal with elongated pad for handsoldering. (Body size source: http://www.tortai-tech.com/upload/download/2011102023233369053.pdf), generated with kicad-footprint-generator")
    (tags "capacitor handsolder")
    (path /5D81E4F1)
    (attr smd)
    (fp_text reference C7 (at 0.762 1.524 90) (layer F.SilkS)
      (effects (font (size 1 1) (thickness 0.15)))
    )
    (fp_text value 0.1uF (at 0 1.43 90) (layer F.Fab)
      (effects (font (size 1 1) (thickness 0.15)))
    )
    (fp_text user %R (at 0 0 90) (layer F.Fab)
      (effects (font (size 0.4 0.4) (thickness 0.06)))
    )
    (fp_line (start 1.65 0.73) (end -1.65 0.73) (layer F.CrtYd) (width 0.05))
    (fp_line (start 1.65 -0.73) (end 1.65 0.73) (layer F.CrtYd) (width 0.05))
    (fp_line (start -1.65 -0.73) (end 1.65 -0.73) (layer F.CrtYd) (width 0.05))
    (fp_line (start -1.65 0.73) (end -1.65 -0.73) (layer F.CrtYd) (width 0.05))
    (fp_line (start -0.171267 0.51) (end 0.171267 0.51) (layer F.SilkS) (width 0.12))
    (fp_line (start -0.171267 -0.51) (end 0.171267 -0.51) (layer F.SilkS) (width 0.12))
    (fp_line (start 0.8 0.4) (end -0.8 0.4) (layer F.Fab) (width 0.1))
    (fp_line (start 0.8 -0.4) (end 0.8 0.4) (layer F.Fab) (width 0.1))
    (fp_line (start -0.8 -0.4) (end 0.8 -0.4) (layer F.Fab) (width 0.1))
    (fp_line (start -0.8 0.4) (end -0.8 -0.4) (layer F.Fab) (width 0.1))
    (pad 2 smd roundrect (at 0.875 0 270) (size 1.05 0.95) (layers F.Cu F.Paste F.Mask) (roundrect_rratio 0.25)
      (net 3 GND))
    (pad 1 smd roundrect (at -0.875 0 270) (size 1.05 0.95) (layers F.Cu F.Paste F.Mask) (roundrect_rratio 0.25)
      (net 1 +3V3))
    (model ${KISYS3DMOD}/Capacitor_SMD.3dshapes/C_0603_1608Metric.wrl
      (at (xyz 0 0 0))
      (scale (xyz 1 1 1))
      (rotate (xyz 0 0 0))
    )
  )

  (module Resistor_SMD:R_0603_1608Metric_Pad1.05x0.95mm_HandSolder (layer F.Cu) (tedit 5B301BBD) (tstamp 5D7B97ED)
    (at 184.15 88.9 270)
    (descr "Resistor SMD 0603 (1608 Metric), square (rectangular) end terminal, IPC_7351 nominal with elongated pad for handsoldering. (Body size source: http://www.tortai-tech.com/upload/download/2011102023233369053.pdf), generated with kicad-footprint-generator")
    (tags "resistor handsolder")
    (path /5D7BE8EC)
    (attr smd)
    (fp_text reference R1 (at 2.54 0 90) (layer F.SilkS)
      (effects (font (size 1 1) (thickness 0.15)))
    )
    (fp_text value 10k (at 0 1.43 90) (layer F.Fab)
      (effects (font (size 1 1) (thickness 0.15)))
    )
    (fp_line (start -0.8 0.4) (end -0.8 -0.4) (layer F.Fab) (width 0.1))
    (fp_line (start -0.8 -0.4) (end 0.8 -0.4) (layer F.Fab) (width 0.1))
    (fp_line (start 0.8 -0.4) (end 0.8 0.4) (layer F.Fab) (width 0.1))
    (fp_line (start 0.8 0.4) (end -0.8 0.4) (layer F.Fab) (width 0.1))
    (fp_line (start -0.171267 -0.51) (end 0.171267 -0.51) (layer F.SilkS) (width 0.12))
    (fp_line (start -0.171267 0.51) (end 0.171267 0.51) (layer F.SilkS) (width 0.12))
    (fp_line (start -1.65 0.73) (end -1.65 -0.73) (layer F.CrtYd) (width 0.05))
    (fp_line (start -1.65 -0.73) (end 1.65 -0.73) (layer F.CrtYd) (width 0.05))
    (fp_line (start 1.65 -0.73) (end 1.65 0.73) (layer F.CrtYd) (width 0.05))
    (fp_line (start 1.65 0.73) (end -1.65 0.73) (layer F.CrtYd) (width 0.05))
    (fp_text user %R (at 0 0 90) (layer F.Fab)
      (effects (font (size 0.4 0.4) (thickness 0.06)))
    )
    (pad 1 smd roundrect (at -0.875 0 270) (size 1.05 0.95) (layers F.Cu F.Paste F.Mask) (roundrect_rratio 0.25)
      (net 1 +3V3))
    (pad 2 smd roundrect (at 0.875 0 270) (size 1.05 0.95) (layers F.Cu F.Paste F.Mask) (roundrect_rratio 0.25)
      (net 17 "Net-(R1-Pad2)"))
    (model ${KISYS3DMOD}/Resistor_SMD.3dshapes/R_0603_1608Metric.wrl
      (at (xyz 0 0 0))
      (scale (xyz 1 1 1))
      (rotate (xyz 0 0 0))
    )
  )

  (module Resistor_SMD:R_0603_1608Metric_Pad1.05x0.95mm_HandSolder (layer F.Cu) (tedit 5B301BBD) (tstamp 5D7BC751)
    (at 179.691 89.775)
    (descr "Resistor SMD 0603 (1608 Metric), square (rectangular) end terminal, IPC_7351 nominal with elongated pad for handsoldering. (Body size source: http://www.tortai-tech.com/upload/download/2011102023233369053.pdf), generated with kicad-footprint-generator")
    (tags "resistor handsolder")
    (path /5D7BF5BA)
    (attr smd)
    (fp_text reference R2 (at 2.427 -0.113) (layer F.SilkS)
      (effects (font (size 1 1) (thickness 0.15)))
    )
    (fp_text value 10k (at 0 1.43) (layer F.Fab)
      (effects (font (size 1 1) (thickness 0.15)))
    )
    (fp_text user %R (at 0 0) (layer F.Fab)
      (effects (font (size 0.4 0.4) (thickness 0.06)))
    )
    (fp_line (start 1.65 0.73) (end -1.65 0.73) (layer F.CrtYd) (width 0.05))
    (fp_line (start 1.65 -0.73) (end 1.65 0.73) (layer F.CrtYd) (width 0.05))
    (fp_line (start -1.65 -0.73) (end 1.65 -0.73) (layer F.CrtYd) (width 0.05))
    (fp_line (start -1.65 0.73) (end -1.65 -0.73) (layer F.CrtYd) (width 0.05))
    (fp_line (start -0.171267 0.51) (end 0.171267 0.51) (layer F.SilkS) (width 0.12))
    (fp_line (start -0.171267 -0.51) (end 0.171267 -0.51) (layer F.SilkS) (width 0.12))
    (fp_line (start 0.8 0.4) (end -0.8 0.4) (layer F.Fab) (width 0.1))
    (fp_line (start 0.8 -0.4) (end 0.8 0.4) (layer F.Fab) (width 0.1))
    (fp_line (start -0.8 -0.4) (end 0.8 -0.4) (layer F.Fab) (width 0.1))
    (fp_line (start -0.8 0.4) (end -0.8 -0.4) (layer F.Fab) (width 0.1))
    (pad 2 smd roundrect (at 0.875 0) (size 1.05 0.95) (layers F.Cu F.Paste F.Mask) (roundrect_rratio 0.25)
      (net 3 GND))
    (pad 1 smd roundrect (at -0.875 0) (size 1.05 0.95) (layers F.Cu F.Paste F.Mask) (roundrect_rratio 0.25)
      (net 18 "Net-(R2-Pad1)"))
    (model ${KISYS3DMOD}/Resistor_SMD.3dshapes/R_0603_1608Metric.wrl
      (at (xyz 0 0 0))
      (scale (xyz 1 1 1))
      (rotate (xyz 0 0 0))
    )
  )

  (module Resistor_SMD:R_0603_1608Metric_Pad1.05x0.95mm_HandSolder (layer F.Cu) (tedit 5B301BBD) (tstamp 5D7BC65E)
    (at 179.719 87.884 180)
    (descr "Resistor SMD 0603 (1608 Metric), square (rectangular) end terminal, IPC_7351 nominal with elongated pad for handsoldering. (Body size source: http://www.tortai-tech.com/upload/download/2011102023233369053.pdf), generated with kicad-footprint-generator")
    (tags "resistor handsolder")
    (path /5D803E7C)
    (attr smd)
    (fp_text reference R3 (at -2.399 0) (layer F.SilkS)
      (effects (font (size 1 1) (thickness 0.15)))
    )
    (fp_text value 10k (at 0 1.43) (layer F.Fab)
      (effects (font (size 1 1) (thickness 0.15)))
    )
    (fp_line (start -0.8 0.4) (end -0.8 -0.4) (layer F.Fab) (width 0.1))
    (fp_line (start -0.8 -0.4) (end 0.8 -0.4) (layer F.Fab) (width 0.1))
    (fp_line (start 0.8 -0.4) (end 0.8 0.4) (layer F.Fab) (width 0.1))
    (fp_line (start 0.8 0.4) (end -0.8 0.4) (layer F.Fab) (width 0.1))
    (fp_line (start -0.171267 -0.51) (end 0.171267 -0.51) (layer F.SilkS) (width 0.12))
    (fp_line (start -0.171267 0.51) (end 0.171267 0.51) (layer F.SilkS) (width 0.12))
    (fp_line (start -1.65 0.73) (end -1.65 -0.73) (layer F.CrtYd) (width 0.05))
    (fp_line (start -1.65 -0.73) (end 1.65 -0.73) (layer F.CrtYd) (width 0.05))
    (fp_line (start 1.65 -0.73) (end 1.65 0.73) (layer F.CrtYd) (width 0.05))
    (fp_line (start 1.65 0.73) (end -1.65 0.73) (layer F.CrtYd) (width 0.05))
    (fp_text user %R (at 0 0) (layer F.Fab)
      (effects (font (size 0.4 0.4) (thickness 0.06)))
    )
    (pad 1 smd roundrect (at -0.875 0 180) (size 1.05 0.95) (layers F.Cu F.Paste F.Mask) (roundrect_rratio 0.25)
      (net 1 +3V3))
    (pad 2 smd roundrect (at 0.875 0 180) (size 1.05 0.95) (layers F.Cu F.Paste F.Mask) (roundrect_rratio 0.25)
      (net 19 "Net-(R3-Pad2)"))
    (model ${KISYS3DMOD}/Resistor_SMD.3dshapes/R_0603_1608Metric.wrl
      (at (xyz 0 0 0))
      (scale (xyz 1 1 1))
      (rotate (xyz 0 0 0))
    )
  )

  (module TestPoint:TestPoint_Bridge_Pitch2.0mm_Drill0.7mm (layer F.Cu) (tedit 5A0F774F) (tstamp 5D7B9835)
    (at 194.31 98.647 90)
    (descr "wire loop as test point, pitch 2.0mm, hole diameter 0.7mm, wire diameter 0.5mm")
    (tags "test point wire loop")
    (path /5D85360C)
    (fp_text reference TP1 (at 1.1 1.7 90) (layer F.SilkS) hide
      (effects (font (size 1 1) (thickness 0.15)))
    )
    (fp_text value TestPoint (at 1 -1.7 90) (layer F.Fab)
      (effects (font (size 1 1) (thickness 0.15)))
    )
    (fp_line (start -1.2 1.2) (end 3.2 1.2) (layer F.CrtYd) (width 0.05))
    (fp_line (start -1.2 1.2) (end -1.2 -1.2) (layer F.CrtYd) (width 0.05))
    (fp_line (start 3.2 -1.2) (end 3.2 1.2) (layer F.CrtYd) (width 0.05))
    (fp_line (start 3.2 -1.2) (end -1.2 -1.2) (layer F.CrtYd) (width 0.05))
    (fp_line (start 2.9 0.9) (end 2.9 -0.9) (layer F.SilkS) (width 0.12))
    (fp_line (start -0.9 0.9) (end 2.9 0.9) (layer F.SilkS) (width 0.12))
    (fp_line (start -0.9 -0.9) (end -0.9 0.9) (layer F.SilkS) (width 0.12))
    (fp_line (start 2.9 -0.9) (end -0.9 -0.9) (layer F.SilkS) (width 0.12))
    (fp_line (start 2 0) (end 0 0) (layer F.Fab) (width 0.12))
    (fp_text user %R (at 1.1 1.7 90) (layer F.Fab)
      (effects (font (size 1 1) (thickness 0.15)))
    )
    (pad 1 thru_hole circle (at 2 0 90) (size 1.4 1.4) (drill 0.7) (layers *.Cu *.Mask)
      (net 20 /RXOUT))
    (pad 1 thru_hole circle (at 0 0 90) (size 1.4 1.4) (drill 0.7) (layers *.Cu *.Mask)
      (net 20 /RXOUT))
    (model ${KISYS3DMOD}/TestPoint.3dshapes/TestPoint_Bridge_Pitch2.0mm_Drill0.7mm.wrl
      (at (xyz 0 0 0))
      (scale (xyz 1 1 1))
      (rotate (xyz 0 0 0))
    )
  )

  (module TestPoint:TestPoint_Bridge_Pitch2.0mm_Drill0.7mm (layer F.Cu) (tedit 5A0F774F) (tstamp 5D7B9845)
    (at 194.31 83.598 270)
    (descr "wire loop as test point, pitch 2.0mm, hole diameter 0.7mm, wire diameter 0.5mm")
    (tags "test point wire loop")
    (path /5D852ABE)
    (fp_text reference TP2 (at 1.1 1.7 90) (layer F.SilkS) hide
      (effects (font (size 1 1) (thickness 0.15)))
    )
    (fp_text value TestPoint (at 1 -1.7 90) (layer F.Fab)
      (effects (font (size 1 1) (thickness 0.15)))
    )
    (fp_text user %R (at 1.1 1.7 90) (layer F.Fab)
      (effects (font (size 1 1) (thickness 0.15)))
    )
    (fp_line (start 2 0) (end 0 0) (layer F.Fab) (width 0.12))
    (fp_line (start 2.9 -0.9) (end -0.9 -0.9) (layer F.SilkS) (width 0.12))
    (fp_line (start -0.9 -0.9) (end -0.9 0.9) (layer F.SilkS) (width 0.12))
    (fp_line (start -0.9 0.9) (end 2.9 0.9) (layer F.SilkS) (width 0.12))
    (fp_line (start 2.9 0.9) (end 2.9 -0.9) (layer F.SilkS) (width 0.12))
    (fp_line (start 3.2 -1.2) (end -1.2 -1.2) (layer F.CrtYd) (width 0.05))
    (fp_line (start 3.2 -1.2) (end 3.2 1.2) (layer F.CrtYd) (width 0.05))
    (fp_line (start -1.2 1.2) (end -1.2 -1.2) (layer F.CrtYd) (width 0.05))
    (fp_line (start -1.2 1.2) (end 3.2 1.2) (layer F.CrtYd) (width 0.05))
    (pad 1 thru_hole circle (at 0 0 270) (size 1.4 1.4) (drill 0.7) (layers *.Cu *.Mask)
      (net 21 /TXIN))
    (pad 1 thru_hole circle (at 2 0 270) (size 1.4 1.4) (drill 0.7) (layers *.Cu *.Mask)
      (net 21 /TXIN))
    (model ${KISYS3DMOD}/TestPoint.3dshapes/TestPoint_Bridge_Pitch2.0mm_Drill0.7mm.wrl
      (at (xyz 0 0 0))
      (scale (xyz 1 1 1))
      (rotate (xyz 0 0 0))
    )
  )

  (module TestPoint:TestPoint_Bridge_Pitch2.0mm_Drill0.7mm (layer F.Cu) (tedit 5A0F774F) (tstamp 5D7B9855)
    (at 194.31 94.615 90)
    (descr "wire loop as test point, pitch 2.0mm, hole diameter 0.7mm, wire diameter 0.5mm")
    (tags "test point wire loop")
    (path /5D84EDE4)
    (fp_text reference TP3 (at 1.1 1.7 90) (layer F.SilkS) hide
      (effects (font (size 1 1) (thickness 0.15)))
    )
    (fp_text value TestPoint (at 1 -1.7 90) (layer F.Fab)
      (effects (font (size 1 1) (thickness 0.15)))
    )
    (fp_text user %R (at 1.1 1.7 90) (layer F.Fab)
      (effects (font (size 1 1) (thickness 0.15)))
    )
    (fp_line (start 2 0) (end 0 0) (layer F.Fab) (width 0.12))
    (fp_line (start 2.9 -0.9) (end -0.9 -0.9) (layer F.SilkS) (width 0.12))
    (fp_line (start -0.9 -0.9) (end -0.9 0.9) (layer F.SilkS) (width 0.12))
    (fp_line (start -0.9 0.9) (end 2.9 0.9) (layer F.SilkS) (width 0.12))
    (fp_line (start 2.9 0.9) (end 2.9 -0.9) (layer F.SilkS) (width 0.12))
    (fp_line (start 3.2 -1.2) (end -1.2 -1.2) (layer F.CrtYd) (width 0.05))
    (fp_line (start 3.2 -1.2) (end 3.2 1.2) (layer F.CrtYd) (width 0.05))
    (fp_line (start -1.2 1.2) (end -1.2 -1.2) (layer F.CrtYd) (width 0.05))
    (fp_line (start -1.2 1.2) (end 3.2 1.2) (layer F.CrtYd) (width 0.05))
    (pad 1 thru_hole circle (at 0 0 90) (size 1.4 1.4) (drill 0.7) (layers *.Cu *.Mask)
      (net 21 /TXIN))
    (pad 1 thru_hole circle (at 2 0 90) (size 1.4 1.4) (drill 0.7) (layers *.Cu *.Mask)
      (net 21 /TXIN))
    (model ${KISYS3DMOD}/TestPoint.3dshapes/TestPoint_Bridge_Pitch2.0mm_Drill0.7mm.wrl
      (at (xyz 0 0 0))
      (scale (xyz 1 1 1))
      (rotate (xyz 0 0 0))
    )
  )

  (module TestPoint:TestPoint_Bridge_Pitch2.0mm_Drill0.7mm (layer F.Cu) (tedit 5A0F774F) (tstamp 5D7B54BC)
    (at 194.31 87.63 270)
    (descr "wire loop as test point, pitch 2.0mm, hole diameter 0.7mm, wire diameter 0.5mm")
    (tags "test point wire loop")
    (path /5D8511B1)
    (fp_text reference TP4 (at 1.1 1.7 90) (layer F.SilkS) hide
      (effects (font (size 1 1) (thickness 0.15)))
    )
    (fp_text value TestPoint (at 1 -1.7 90) (layer F.Fab)
      (effects (font (size 1 1) (thickness 0.15)))
    )
    (fp_line (start -1.2 1.2) (end 3.2 1.2) (layer F.CrtYd) (width 0.05))
